66949040
66878555
66873168
66733106
60726186
63306488
66567628
66539811
66448141
66221439
66227516
66149707
65960547
65950937
65808332
65634788
64342972
65739494
65735822
65599957
65532865
65513936
65365508
61052684
65065966
65128748
65106667
64947538
65038989
65051414
65027144
64947553
64799789
62074612
64681013
64543545
64322973
64291881
63973611
63493496
63818789
63782180
63623303
63660356
63621523
63561273
62450555
62700005
62949027
63124615
63100932
61987616
62066593
62349575
62313078
61821267
61709122
61425680
60056483
59720916
58746902
56506468
56940990
54778592
54646505
51990385
50149603
66884642
66813061
66029743
61120227
64539771
65504397
65366286
65131583
64827234
64521547
64375464
60571958
64016688
63777257
63504543
63435686
62812702
63322946
63044501
62753104
62700536
62573268
60394109
62175805
61990165
61696080
61675872
61210462
60986461
59696171
49538827
51499079
46331830
66974094
66966873
66960982
66955557
66934600
66898917
64480491
66831584
66550092
66642735
66626979
66497750
65514178
66534753
66147554
64797195
65906877
60840986
65823274
65693124
65295133
64759626
65238256
65297648
63972772
64885060
64809121
64706336
64507804
64337975
64289166
64201620
62406340
64109316
64087065
64066901
63782028
62005160
63647552
62069721
62051608
63443588
63191785
63154426
63063237
62906320
62868998
61309742
62867629
62834687
62434400
62514765
62307965
61845477
61872050
61963701
61742609
61567836
61565364
61116803
60932702
60918264
60727676
58875009
65001011
66341554
60745737
66286744
66023219
65979821
65940460
62760219
65772055
65583794
64874190
65512890
65484756
62349412
65336589
65346103
64794057
64833025
64979938
64902302
64811949
64479243
64345294
63982705
63661946
63493753
62829453
62784624
62563174
62516300
61973708
61207786
60054668
58908855
66176067
63952910
65828954
51380920
66892292
66846249
61146743
66568707
66521906
66392800
66009663
65814461
65855663
65661659
65657149
65578438
63831943
65219885
64900028
62265576
65040872
65021896
64955291
64888884
64723643
64611990
64473529
64482052
63605653
63916291
63579489
63763449
63651738
63611732
61178681
63415109
63416115
63378376
63083267
63232286
63188383
63105618
63121229
63113536
62879686
62306681
62245922
62203734
62203126
61964610
61830255
58846314
61591696
60593985
66246436
65396156
64980415
64962975
62588935
63739801
62199777
61153224
60335476
65799627
64889232
63573877
63391217
62841969
61736263
63672353
63266415
62467195
56500709
64023096
65994552
65483259
64872824
63459073
63371014
49491383
48268016
36042935
66462880
48891593
62787148
60146270
60057113
64515982
64172508
62177715
61015985
59835844
55039923
44286798
63499351
65370987
64240840
62991035
60989640
62448612
62267501
66928002
66009963
66705745
66423999
62800713
65724054
61311181
65397419
65316643
65051706
63310771
63246259
63225051
62780915
60674120
60360640
59790919
56665744
59343706
65297649
60164866
42186728
64060709
48854770
60754751
65011727
66523662
54699848
62553391
56766674
57024500
55668130
44092422
56737992
63849288
66776662
60293524
55018810
58681625
53925972
66842238
51544240
65946529
56925313
63000069
61416065
60499885
59753853
57993453
50398348
48669590
66560210
64474197
58223739
58155854
49776226
66464389
64732595
48638653
61956919
