66998562
66888921
66874449
66673353
61471062
60728725
63324217
66569264
66317874
66251052
65986234
65980285
65822833
65822497
65804844
65780272
65679406
64762676
67027517
65741067
65620435
65605579
65574222
67147315
65527948
65353533
61450335
65120313
65116891
65109794
65071169
65053193
65027340
64950072
64828184
64698874
63057327
64551252
64343431
64337213
64293468
64025188
63942983
63929459
63827348
63782235
63680620
63674264
63307973
62450855
63260701
62701224
63173323
63105508
62994581
62406375
62381848
61823456
61715011
61714861
61426364
60057368
58747674
56507571
56942074
56941503
51991620
50223439
50151527
66928382
66814951
66036201
61252765
61120525
66683340
65505199
65393938
64828434
64082488
62588378
61090679
60573139
64044618
63514683
63436153
63435794
63325080
63046595
63045582
62700961
62300938
60678605
61990491
61696510
61210929
65363278
59698331
49540541
62641012
46500236
66975278
66974545
66963202
66890943
66683371
66832126
66699531
66698529
66686525
66685634
66645550
66631463
67197883
66608517
65514342
66543229
66543178
64798061
65910342
65854313
65460673
62866102
62785474
62326339
65694725
65295775
65337800
65117251
64763065
65350462
65055109
64891837
64851383
64707260
64508457
64348922
64327330
64289830
64273062
64203477
64266153
63105793
63648136
62084031
63477812
63240652
63218271
63136893
62938531
62936751
62985357
62870328
62888180
61310377
62872562
62834951
62654562
62522152
62318394
62258316
61993370
61848770
61873178
61748254
61570728
61565996
60992132
60925229
60742802
58877044
58875620
66482076
65559284
65515496
66360885
66319781
61734000
60835555
60823018
66287332
66031308
65982570
65835584
62926383
62906037
65780041
65665086
65512951
65487311
65456378
64465332
63049339
62516491
62481725
65343285
65294961
65112514
64997636
64903688
64814798
64812763
64541531
63663780
63523714
62577373
62072279
61208733
60055209
60055041
58910307
66708555
64021522
66846357
66846341
66682844
62881597
62867320
61984976
61340419
61311894
66574418
66538352
66396919
66222248
65710496
65564998
63903147
63839659
65225646
64907087
64900326
65067072
64765741
64614713
64538844
63687434
63916508
63579655
63692141
63662595
63612176
63484312
63416676
67119153
63387729
63120607
63191211
63189836
63189101
63136809
63114276
63109855
62879933
62321670
62210359
61971335
61835766
61737409
58848068
61593217
60596261
65469789
63364601
63126566
62209206
61153225
60337632
64890511
63426473
63392012
62842888
61744001
63678823
63672740
63282839
62468163
56501209
66334957
66033457
64873624
63461379
63408607
63392624
49492896
36044304
36044259
48916559
48892136
60565162
60281779
64620439
62403177
62222522
61156588
59840782
55041379
44287198
65745288
64001739
62993633
62991156
62884868
61006252
66841513
65724744
65450301
65330158
61329552
65397622
65321735
65058338
65052061
63337670
63227678
62821845
62785555
60675317
60674202
60650854
60450888
56679804
56667380
65777187
60165699
42187365
64063311
61708171
48858766
48855302
65011795
66532743
56875811
56766887
56748525
66923823
55051426
55018877
58681913
53935453
53929545
65947750
51544868
65946869
58169704
61417736
60514035
60499942
48672786
66561517
58236395
49880273
49862020
49833891
66479165
64733159
48646858
61958187